Cluster 0:
Dense units: [[[0, 0]], [[0, 1]], [[0, 2]], [[0, 3]], [[0, 4]], [[0, 5]], [[0, 6]], [[0, 7]], [[0, 8]], [[0, 9]]]
Dimensions: {0}
Cluster size: 312
Data points:
{0, 1, 2, 3, 4, 5, 6, 7, 8, 9, 10, 11, 12, 13, 14, 15, 16, 17, 18, 19, 20, 21, 22, 23, 24, 25, 26, 27, 28, 29, 30, 31, 32, 33, 34, 35, 36, 37, 38, 39, 40, 41, 42, 43, 44, 45, 46, 47, 48, 49, 50, 51, 52, 53, 54, 55, 56, 57, 58, 59, 60, 61, 62, 63, 64, 65, 66, 67, 68, 69, 70, 71, 72, 73, 74, 75, 76, 77, 78, 79, 80, 81, 82, 83, 84, 85, 86, 87, 88, 89, 90, 91, 92, 93, 94, 95, 96, 97, 98, 99, 100, 101, 102, 103, 104, 105, 106, 107, 108, 109, 110, 111, 112, 113, 114, 115, 116, 117, 118, 119, 120, 121, 122, 123, 124, 125, 126, 127, 128, 129, 130, 131, 132, 133, 134, 135, 136, 137, 138, 139, 140, 141, 142, 143, 144, 145, 146, 147, 148, 149, 150, 151, 152, 153, 154, 155, 156, 157, 158, 159, 160, 161, 162, 163, 164, 165, 166, 167, 168, 169, 170, 171, 172, 173, 174, 175, 176, 177, 178, 179, 180, 181, 182, 183, 184, 185, 186, 187, 188, 189, 190, 191, 192, 193, 194, 195, 196, 197, 198, 199, 200, 201, 202, 203, 204, 205, 206, 207, 208, 209, 210, 211, 212, 213, 214, 215, 216, 217, 218, 219, 220, 221, 222, 223, 224, 225, 226, 227, 228, 229, 230, 231, 232, 233, 234, 235, 236, 237, 238, 239, 240, 241, 242, 243, 244, 245, 246, 247, 248, 249, 250, 251, 252, 253, 254, 255, 256, 257, 258, 259, 260, 261, 262, 263, 264, 265, 266, 267, 268, 269, 270, 271, 272, 273, 274, 275, 276, 277, 278, 279, 280, 281, 282, 283, 284, 285, 286, 287, 288, 289, 290, 291, 292, 293, 294, 295, 296, 297, 298, 299, 300, 301, 302, 303, 304, 305, 306, 307, 308, 309, 310, 311}
Cluster 1:
Dense units: [[[1, 0]], [[1, 1]], [[1, 2]], [[1, 3]], [[1, 4]], [[1, 5]], [[1, 6]], [[1, 7]], [[1, 8]], [[1, 9]]]
Dimensions: {1}
Cluster size: 312
Data points:
{0, 1, 2, 3, 4, 5, 6, 7, 8, 9, 10, 11, 12, 13, 14, 15, 16, 17, 18, 19, 20, 21, 22, 23, 24, 25, 26, 27, 28, 29, 30, 31, 32, 33, 34, 35, 36, 37, 38, 39, 40, 41, 42, 43, 44, 45, 46, 47, 48, 49, 50, 51, 52, 53, 54, 55, 56, 57, 58, 59, 60, 61, 62, 63, 64, 65, 66, 67, 68, 69, 70, 71, 72, 73, 74, 75, 76, 77, 78, 79, 80, 81, 82, 83, 84, 85, 86, 87, 88, 89, 90, 91, 92, 93, 94, 95, 96, 97, 98, 99, 100, 101, 102, 103, 104, 105, 106, 107, 108, 109, 110, 111, 112, 113, 114, 115, 116, 117, 118, 119, 120, 121, 122, 123, 124, 125, 126, 127, 128, 129, 130, 131, 132, 133, 134, 135, 136, 137, 138, 139, 140, 141, 142, 143, 144, 145, 146, 147, 148, 149, 150, 151, 152, 153, 154, 155, 156, 157, 158, 159, 160, 161, 162, 163, 164, 165, 166, 167, 168, 169, 170, 171, 172, 173, 174, 175, 176, 177, 178, 179, 180, 181, 182, 183, 184, 185, 186, 187, 188, 189, 190, 191, 192, 193, 194, 195, 196, 197, 198, 199, 200, 201, 202, 203, 204, 205, 206, 207, 208, 209, 210, 211, 212, 213, 214, 215, 216, 217, 218, 219, 220, 221, 222, 223, 224, 225, 226, 227, 228, 229, 230, 231, 232, 233, 234, 235, 236, 237, 238, 239, 240, 241, 242, 243, 244, 245, 246, 247, 248, 249, 250, 251, 252, 253, 254, 255, 256, 257, 258, 259, 260, 261, 262, 263, 264, 265, 266, 267, 268, 269, 270, 271, 272, 273, 274, 275, 276, 277, 278, 279, 280, 281, 282, 283, 284, 285, 286, 287, 288, 289, 290, 291, 292, 293, 294, 295, 296, 297, 298, 299, 300, 301, 302, 303, 304, 305, 306, 307, 308, 309, 310, 311}
Cluster 2:
Dense units: [[[0, 0], [1, 6]]]
Dimensions: {0, 1}
Cluster size: 4
Data points:
{219, 220, 221, 222}
Cluster 3:
Dense units: [[[0, 1], [1, 3]], [[0, 1], [1, 4]], [[0, 1], [1, 5]]]
Dimensions: {0, 1}
Cluster size: 13
Data points:
{34, 35, 36, 37, 38, 39, 40, 41, 42, 43, 44, 45, 46}
Cluster 4:
Dense units: [[[0, 1], [1, 7]]]
Dimensions: {0, 1}
Cluster size: 4
Data points:
{224, 225, 226, 223}
Cluster 5:
Dense units: [[[0, 2], [1, 1]]]
Dimensions: {0, 1}
Cluster size: 5
Data points:
{25, 26, 27, 28, 29}
Cluster 6:
Dense units: [[[0, 2], [1, 6]]]
Dimensions: {0, 1}
Cluster size: 6
Data points:
{48, 49, 50, 51, 52, 53}
Cluster 7:
Dense units: [[[0, 3], [1, 0]], [[0, 4], [1, 0]], [[0, 4], [1, 1]], [[0, 5], [1, 1]], [[0, 5], [1, 2]], [[0, 6], [1, 1]], [[0, 6], [1, 2]], [[0, 7], [1, 1]]]
Dimensions: {0, 1}
Cluster size: 40
Data points:
{286, 144, 17, 18, 19, 20, 21, 22, 23, 280, 281, 282, 283, 24, 285, 153, 154, 155, 156, 157, 158, 159, 160, 161, 288, 289, 290, 291, 292, 287, 145, 146, 147, 148, 284, 149, 150, 151, 279, 152}
Cluster 8:
Dense units: [[[0, 3], [1, 2]], [[0, 3], [1, 3]], [[0, 3], [1, 4]], [[0, 3], [1, 5]], [[0, 4], [1, 3]], [[0, 4], [1, 5]], [[0, 5], [1, 5]], [[0, 6], [1, 4]], [[0, 6], [1, 5]], [[0, 6], [1, 6]]]
Dimensions: {0, 1}
Cluster size: 89
Data points:
{294, 295, 296, 297, 298, 299, 300, 301, 302, 303, 304, 305, 306, 307, 308, 309, 71, 72, 73, 74, 75, 76, 77, 78, 79, 80, 81, 82, 83, 84, 85, 86, 87, 88, 89, 90, 91, 92, 93, 94, 95, 96, 97, 98, 99, 100, 101, 102, 103, 104, 105, 163, 164, 165, 166, 167, 168, 169, 170, 171, 172, 173, 180, 181, 182, 183, 184, 185, 186, 187, 188, 189, 190, 191, 192, 193, 194, 195, 196, 197, 198, 199, 200, 201, 202, 203, 204, 205, 206}
Cluster 9:
Dense units: [[[0, 3], [1, 7]], [[0, 3], [1, 8]], [[0, 4], [1, 7]], [[0, 4], [1, 8]], [[0, 5], [1, 7]], [[0, 5], [1, 8]], [[0, 6], [1, 8]]]
Dimensions: {0, 1}
Cluster size: 30
Data points:
{64, 65, 66, 67, 68, 69, 231, 232, 233, 234, 235, 236, 237, 238, 239, 240, 241, 242, 243, 244, 245, 246, 56, 57, 58, 59, 60, 61, 62, 63}
Cluster 10:
Dense units: [[[0, 7], [1, 3]]]
Dimensions: {0, 1}
Cluster size: 8
Data points:
{270, 271, 272, 273, 274, 275, 276, 277}
Cluster 11:
Dense units: [[[0, 7], [1, 7]]]
Dimensions: {0, 1}
Cluster size: 6
Data points:
{247, 248, 249, 250, 251, 252}
Cluster 12:
Dense units: [[[0, 8], [1, 0]]]
Dimensions: {0, 1}
Cluster size: 4
Data points:
{4, 5, 6, 7}
Cluster 13:
Dense units: [[[0, 8], [1, 2]]]
Dimensions: {0, 1}
Cluster size: 6
Data points:
{138, 139, 140, 141, 142, 143}
Cluster 14:
Dense units: [[[0, 8], [1, 4]], [[0, 8], [1, 5]], [[0, 8], [1, 6]], [[0, 9], [1, 5]], [[0, 9], [1, 6]]]
Dimensions: {0, 1}
Cluster size: 24
Data points:
{256, 257, 258, 259, 260, 261, 262, 263, 264, 265, 266, 267, 268, 269, 128, 129, 122, 124, 126, 123, 127, 125, 254, 255}
Cluster 15:
Dense units: [[[0, 8], [1, 8]]]
Dimensions: {0, 1}
Cluster size: 4
Data points:
{114, 115, 116, 117}
Cluster 16:
Dense units: [[[0, 9], [1, 1]]]
Dimensions: {0, 1}
Cluster size: 4
Data points:
{0, 1, 2, 3}
Cluster 17:
Dense units: [[[0, 9], [1, 3]]]
Dimensions: {0, 1}
Cluster size: 5
Data points:
{133, 134, 135, 136, 137}
